#name	#KEGG Compound ID	G1_Z_1	G1_Z_2	G1_Z_3	G1_Z_4	G1_Z_5	G1_Z_6	G2_Z_1	G2_Z_2	G2_Z_3	G2_Z_4	G2_Z_5	G2_Z_6	G3_Z_1	G3_Z_2	G3_Z_3	G3_Z_4	G3_Z_5	G3_Z_6
S-Adenosylhomocysteine	C00021	46.58576394	43.45194459	44.92927693	49.7674872	41.65185087	44.77586673	781.7910798	970.1392599	686.7961824	878.3447919	892.4266376	767.2868102	27.37426709	11.19226275	33.359729	19.18389811	0	10.6823328
Succinic Acid	C00042	10.42517864	11.1978722	22.13538762	12.13197599	13.02981552	17.91271945	1.666347498	20.10260988	0.914657385	36.59668967	12.00252561	0	4.85150353	17.3608846	1.611020485	1.123759464	3.782786313	13.91694917
Sulfate	C00059	2750.514445	2693.622407	2819.632384	2471.270009	2574.063018	2746.003344	7858.621862	4850.026819	9053.489087	7204.5224	10167.35051	11812.46405	14067.47172	13850.75758	13489.60853	18426.07046	12023.51777	18700.17388
Riboflavin	C00061	1974.741548	2009.953775	1876.855196	2021.319851	2057.564885	1967.999466	531.4404828	425.5350063	717.2175944	887.2994707	984.2950782	997.4563632	10.95707958	38.59826438	30.32624859	20.82081122	6.146325716	37.87752375
L-Phenylalanine	C00079	29.90097254	33.50020044	34.15346082	34.6038348	33.68754014	33.84850239	51.15191214	51.4948006	49.55316294	54.02861507	56.5546067	49.82361215	227.1504794	212.2513125	201.6678993	204.6813714	180.9668766	221.0810381
L-Tyrosine	C00082	121.4394244	119.948224	115.1022786	116.328464	102.2506181	121.8051601	0	0	1.634883504	0	1.445161132	1.32038327	19.04287929	21.95138779	24.15071146	23.33829915	0	17.37463239
4-Hydroxybenzoic Acid	C00156	29.46388048	34.44529831	31.73892767	29.24532024	31.16013049	32.50013768	72.76834153	71.40086489	74.86787665	76.68351266	79.48482611	83.26285144	3.117542441	9.26033116	0.266978169	8.088560833	4.97871544	0
Phosphatidylcholine	C00157	151.2458858	88.30440319	122.98561	144.4249561	140.4853067	133.9736219	262.9148671	302.5107147	393.7182107	325.9720203	374.7243369	525.209732	1251.561788	1534.872137	1685.057962	2046.982037	1357.492211	1661.220633
Diglyceride	C00165	3211.133837	3519.822233	3421.560479	3109.132762	3085.737289	3612.65487	11288.57321	11238.67596	10847.18337	11283.68164	10779.72425	11612.49951	40989.23372	37202.13976	37471.87287	42033.76132	44326.66723	39471.5402
5'-Methylthioadenosine	C00170	933.1635676	1087.629822	988.7330888	932.2325666	954.8557246	985.3875302	203.1343515	161.9684745	230.7160137	263.1282115	242.4144672	232.2815497	239.0137779	271.5715195	283.0518091	234.6373009	15.65569301	362.6996085
Benzoic Acid	C00180	55.81145328	54.20665614	55.50137219	49.27562546	59.37205137	57.09521193	44.46910057	47.17185166	80.89666419	66.66649438	69.63471436	78.96913587	57.87359082	81.72681949	33.96872733	28.05042795	48.64233213	36.36701996
D-Lactic acid	C00186	4.449371898	7.794883374	9.406913531	7.648594542	7.660013194	7.244711861	152.0213833	112.0174788	48.7237656	39.51032238	139.6309427	44.98377356	15.1407333	17.78848889	11.92562801	16.29780343	16.64246201	68.83488074
Cotinine glucuronide	C00190	8.49173524	6.561469583	6.307656345	7.424872312	6.400732294	9.334052871	135.3546655	163.1254674	185.1603927	254.4844169	206.6133505	164.6942173	0	0	0	6.072990621	0	0
Thymidine	C00214	32.99548313	25.97936662	31.13612311	30.31115566	26.67205189	32.04338169	43.54308257	32.62399825	37.81634815	41.77348315	30.5277873	43.90352039	88.13342868	55.88947445	58.77773761	80.25316139	46.83295684	64.19085867
Palmitic acid	C00249	3024.011842	3719.070759	3571.244654	3405.249772	3299.233072	3372.800161	19390.31943	17035.72406	25161.35992	20017.97738	15191.17945	15074.0878	51426.2839	51423.09965	60711.53173	56216.88959	59859.59505	48657.62461
CDP-diacylglycerol	C00269	322.0875815	302.2374167	323.5292845	317.022214	298.1120665	313.0540307	0	0	0	0	0	0	0	0	0	0	0	0
Canavanine	C00308	1.986568464	1.55682702	3.450586648	2.688540263	3.628461861	2.6153127	0.435914406	1.992131162	0.600334356	0.166479468	0.095959706	3.39510557	0.210166571	0.327004021	0.107334504	0.016716347	0.003583463	0.065531786
L-Kynurenine	C00328	12.7646183	1.060284564	2.174867704	6.524735797	4.91706545	3.091596687	0	0	0	0	0	0	0	0	0	0	0	0
Glucosamine	C00329	268.4854685	306.0173869	374.7215749	366.8028634	329.0418361	327.3376641	23.71751631	40.90569816	77.04877176	87.9164049	77.36086639	75.38371173	0	0	0	0	0	0
Phosphatidylglycerol	C00344	18184.35309	17611.70696	17562.40294	19999.31918	16478.82592	17721.06802	11498.29305	12950.34961	12253.91302	12099.68744	10643.97226	14211.33167	44083.98806	47748.23343	58213.86061	55661.01615	55411.40019	51360.22481
Phosphatidylethanolamine	C00350	29586.26599	29802.28444	28882.53606	32763.36675	27751.65573	29725.46283	7396.161313	8625.554624	6316.243935	8097.237124	7072.577677	7594.215677	26615.93314	27407.95188	29509.99737	30091.55402	34154.9093	22224.60844
Astin I	C00373	1420.077048	1760.588568	1544.009846	1374.856661	1494.347935	1503.796462	127.3648708	158.8634673	194.824652	171.9024838	243.5848955	171.4861693	0	0	0	0	0	0
Thiamine	C00378	0	0	0	0	0	0	8.576672873	7.423683044	0	0.338720228	0	0.055055325	0	0	0	0	0	0
Tobramycin	C00397	293.9551901	289.5346193	322.7797111	264.7927978	291.3989775	304.1416304	173.4932397	144.6526694	179.4394645	161.1402549	194.106445	132.8250187	1095.615584	1376.364703	1222.244768	1169.662148	830.8117034	1038.803879
"PA(22:2(13Z,16Z)/16:0)"	C00416	255.4024625	312.3081836	232.0270776	223.1281379	288.9988803	257.6082463	0	0	0	0	0	0	0	0	0	0	0	0
Saccharopine	C00449	60.19238877	67.06431024	71.03557381	71.76172284	69.30993835	66.32430058	13.87857759	12.829939	8.887132664	23.49875657	21.28834361	17.97217583	0	0	0	0	0	0
Allantoic acid	C00499	61.33437289	53.7900312	60.166716	62.67797151	57.406773	58.79015115	1.485587354	0	3.363319144	2.752001254	11.20929304	1.906691521	6.653631643	3.775519955	5.753421893	0.173744484	0.730980515	3.124282206
Rhamnose	C00507	11.13727972	16.6230326	15.12947927	14.66576236	18.70647794	15.48164172	10.48911952	8.326482845	17.68051413	25.81055564	21.909856	10.1425525	6.886523716	13.26688889	12.50544647	3.584478273	5.867493513	5.793813238
Norepinephrine	C00547	30.97252234	26.04810737	29.64397623	29.45419624	27.64344021	28.53617184	2.844433942	1.655745556	0.209752179	1.784205253	0.109840454	0.889304702	194.7192128	146.5891385	144.0281763	112.8558681	88.6183955	116.0462662
Prostaglandin E2	C00584	191.3017854	190.6452655	217.1943688	209.4740814	204.4329646	239.1893256	809.4231577	792.4976622	757.493688	837.7054186	733.180778	806.1224942	2983.874709	3184.033047	2927.501856	3063.31997	2867.978499	2715.970841
"5,6-Dihydro-1,10-phenanthroline"	C00604	509.7492893	472.7947018	472.5144003	490.6679953	527.7505291	453.5224183	233.2899553	219.4120184	244.390983	297.1423013	252.4964815	257.7085832	255.53689	201.9348414	295.6178493	264.0658419	172.0465305	280.7229048
PI(16:1(9Z)/18:1(9Z))	C00626	0	0	0	0	0	0	306.6975702	194.3182874	132.3116252	114.6846845	136.1865972	59.92539509	0	0	0	0	0	12.85178484
N-Acetylmannosamine	C00645	139.2137992	127.7431911	156.8286748	124.8551818	134.3276008	134.5266193	5.792297321	6.942933576	4.60525481	9.919037142	15.70059391	11.72308048	27.82222016	12.79067419	0	16.13727703	0	33.83160659
11-Epicortisol	C00735	467.4866561	476.5107673	497.4368916	460.8150374	491.6949033	549.8541326	833.5341451	969.7676917	1100.880185	1172.02821	874.814847	968.9802219	1023.530181	1142.192558	1133.925949	1060.179522	929.078754	1093.948969
(+/-)-Tryptophan	C00806	29.31511066	40.44426143	34.90060748	30.84132728	33.02639154	38.45418227	19.00133151	25.83035628	17.31027436	33.21647486	24.02197399	21.51310896	20.44958114	5.147982082	14.45260498	8.708892228	0	76.05982789
P-Coumaric Acid	C00811	151.3596875	147.3624802	150.8815181	149.7208919	167.0388011	133.4758199	3.02544334	0	8.390788304	4.948530553	23.4049041	29.72314224	24.83750116	36.54495662	30.45164705	27.16380914	12.82917317	27.07462023
Barbituric acid	C00813	60.52574201	59.31056075	74.99351556	58.28838852	77.17541816	63.95949706	0.016113373	0.07568692	2.655035575	2.254196686	0.008107372	0.209312991	551.1165077	389.283498	423.2334623	506.426824	293.5311332	376.7668385
L-arogenate	C00826	16.61183496	16.86687674	20.89442448	27.07778696	21.31314618	14.62925268	26.5409592	37.31564261	30.13841547	26.97552626	33.50608544	29.02903497	25.81277638	58.2422773	124.3379496	47.68148005	31.70022055	26.27386316
Withanolide B	C00828	375.35072	372.4008268	357.19076	340.8339281	355.1850656	345.559898	0	0	0	0	0	0	0	0	0	0	0	0
Paromomycin	C00832	75.36262536	80.37388196	88.08546509	70.34077205	93.91710284	84.89953479	500.6009451	618.7491865	1.383258038	4.585137615	0	3.83406963	0	0	0	0	1243.602958	2.761935901
Deoxycytidine	C00881	375.6239585	342.8802593	380.8971775	371.2183882	367.2163066	369.5956806	138.3994569	167.9541336	212.9304545	213.7729749	217.00942	190.4229376	0	0	1.159355477	0	0	0
Tryptophol	C00955	8.000349	9.315092576	7.581728544	12.69070866	10.67100349	9.580897265	113.2260942	96.86153594	85.08494101	114.4576142	113.4143686	89.15187554	2689.782757	2563.666404	2589.480677	2475.523126	2704.604034	2298.85894
Aminoadipic acid	C00956	32.3841984	32.63862174	33.81480514	31.53737297	34.86506275	34.81304416	39.13075049	44.9796656	44.38179992	44.5707688	41.23565339	41.5661653	204.0531322	210.0258221	195.0606852	170.1719886	146.0959469	185.6609102
"3',5'-Cyclic Damp"	C00968	47.98807852	50.73924612	52.60322156	56.48705235	53.61424123	56.90717605	0	5.501564434	11.24288486	0	0	0	261.1227892	274.2088917	233.8033188	251.8737837	176.9513893	286.0251255
Trehalose	C01083	84.79090388	88.41728204	89.85310285	92.9040408	89.92158319	95.65066044	0.087844443	0.952389104	15.97227713	19.80799567	21.69397004	30.23426857	421.0009848	449.0575934	421.8276155	467.812832	284.345721	360.6360808
S-adenosyl-L-methioninamine	C01137	900.9385904	922.3710064	939.0775455	914.181375	931.5780678	914.9004143	758.6338611	785.3630412	785.3544427	994.1242814	930.4996555	925.872513	53.04482524	130.3873991	116.0348939	29.10322053	0	46.4325696
12-oxo-PDA	C01226	331.2480308	306.2373335	328.1536475	306.5957754	324.2122218	342.0764758	102.2499276	106.5396582	127.8665703	165.1499302	120.3677619	121.7276966	136.843746	161.6115115	167.3072179	129.2558394	110.5813225	122.6018114
N-Acetyl-b-glucosaminylamine	C01239	1766.078996	1773.246769	1856.799203	1817.110015	2237.671183	1689.28019	270.2423975	285.2401019	353.8819715	314.1760731	362.1858944	344.8744269	3474.042598	2714.207468	3162.237052	3035.451047	2246.541861	3118.366589
Anserine	C01262	103.2581798	94.42052314	100.7644211	92.56795011	108.0259371	111.7734604	41.36313389	39.21899517	70.93641578	58.47697896	84.29004126	84.44492406	6.453974338	29.49420497	28.91902274	27.95692962	24.04951171	30.30247596
6-Hydroxysandoricin	C01536	1.256008368	0	2.540190877	0.623639397	2.084866484	0	615.0740444	496.4434881	205.3942689	595.9017767	124.4189059	145.3486655	0	0	0	0	0	0
Apramycin	C01555	66.57979187	71.51859507	74.97530357	68.70041172	67.18262331	67.01544507	93.20121543	88.19373038	83.91559107	113.7583583	98.67355249	105.0259236	588.1084107	485.6244167	476.1454155	416.1719593	320.2715337	494.9191733
Hippuric Acid	C01586	0.518020585	0.251003165	0.422261069	0.41916537	0.173895172	0	2.566198152	0	2.499873163	5.959459618	7.045783458	6.871814429	0	0	0	0	0	0
Pelargonic acid	C01601	47.24531638	34.34309778	40.4227131	76.56191103	70.4047771	60.44097328	166.9079102	184.813711	172.8696368	210.7884091	193.7625932	115.7559408	816.1661823	1327.903429	881.3543896	852.0527429	705.3954352	1020.765302
Puromycin	C01610	56.12182983	29.87158142	34.7424958	27.56824981	48.10980591	34.50726912	306.9568217	387.8354551	241.8270147	263.3617986	181.8678245	233.8211753	0	0	0	0	0	0
Xylobiose	C01630	1616.000861	1587.276249	1644.214684	1688.376241	1670.133479	1593.836831	88.70328331	103.7075778	494.8724521	505.5577233	579.0531177	467.4518432	66.48672736	79.91055285	74.57376302	69.76619444	38.36823966	59.66713195
N-Acetyltyrosine	C01657	24.50998491	26.80064794	27.28588367	37.37935149	26.23262525	18.78922491	25.25815748	23.06939161	24.88111481	18.43919099	21.17251633	25.27405805	43.06585072	71.36269829	157.7700178	22.3721663	49.40920316	37.06917316
"N,N'-diacetylchitobiose"	C01674	0	0	0	0	0	0	12.97876494	7.082908358	9.221554132	13.93799098	17.84396238	21.83508456	0.274716492	5.752102432	5.023096555	3.196838649	0	4.080450193
Kynurenic Acid	C01717	151.9293929	201.1649639	172.4895645	149.6459282	161.6182014	176.5576165	69.48241615	68.63063687	65.13905669	73.28060504	48.00986437	61.64679468	118.0031504	97.86515114	84.12974773	50.40311763	64.26782187	83.05915177
Lumichrome	C01727	1024.64142	878.8320951	881.7637481	890.1862708	931.0687004	1036.699069	568.5081641	793.0486265	568.6829486	657.5925036	672.9779226	628.1011415	159.7951564	133.972986	143.4480678	177.0928525	89.04750023	156.2310907
3-Deazaadenosine	C01736	164.6244647	154.2185449	156.3672349	157.4670285	155.1226253	171.713093	76.99756155	67.26207102	94.38829643	109.0835777	114.0669305	113.9062164	67.49359772	124.2125872	72.16581581	64.17447047	30.90355242	78.37778127
Ribostamycin	C01759	54.43943726	53.55767435	74.46242746	67.8361401	89.65843465	71.06410543	14.06417663	8.480324517	18.1564817	16.72272176	27.19665315	12.71576349	11.32345628	8.90893947	0	27.82430708	0.000672888	0
D-Erythrose	C01796	126.2135744	128.7635276	124.8874085	129.0295581	122.171726	113.8342756	39.60773951	56.6508868	107.2061325	142.6097374	160.1794996	137.3962418	19.76806417	21.8298316	15.19559782	27.04167125	7.363850232	20.00370824
Haloperidol	C01814	248.8378096	278.7332119	276.2016776	242.3713975	259.6752275	276.4227579	516.4211913	564.651806	519.5976883	934.8410568	683.2319544	867.6035061	9.67245449	13.57635323	0	0	0	31.49678974
Pravastatin	C01844	358.6396451	312.3350243	264.0598589	310.0142917	332.5855808	283.8382763	0	0	0	0	0	0	0	0	0	0	0	0
4-Oxo-L-proline	C01877	59.16203224	77.64015981	68.42986365	61.13800382	62.71247976	99.40890408	506.521036	415.2807986	442.9975444	377.0492958	675.8662688	487.6637629	11.44975017	12.22922246	16.77282915	14.72512939	2.697681474	16.01432045
Pyroglutamic acid	C01879	19.24831124	28.06376389	25.79873191	22.51686671	22.76592501	29.0666079	288.1402982	255.7027242	326.1134537	293.3079139	296.4341077	321.9598273	510.0948263	412.5533884	328.7783248	430.5639741	370.5265988	1008.408959
Dethiobiotin	C01909	127.1844518	130.9626606	140.2290855	143.720207	125.5827472	134.7646927	1.112281141	3.648849414	7.306838805	4.453282528	11.22103834	8.625302341	0	0	0	0	0	0
Cyclopentanol	C02020	13.92087139	12.40873131	13.17230271	14.37597774	13.26750998	14.48562379	63.86884997	60.87578199	69.59337239	71.29200214	65.56995913	70.91241685	335.5993857	281.0358721	292.258815	291.8840398	238.8746661	249.9940445
Pseudouridine	C02067	378.1066236	326.1471499	306.1092111	327.3796179	321.6259793	360.4879172	380.8251637	420.4635228	463.4659004	612.8260829	399.3910713	482.0637369	297.656823	426.3231216	380.773803	339.8547365	185.3879085	280.8214537
Methylmalonic acid	C02170	16.41947629	20.56296059	24.23505405	16.62886488	16.61619564	20.94098402	5.676090344	8.309736484	7.853629304	11.29115241	15.4398094	12.92988528	0	0	0	0	3.705407929	5.73266203
Protoporphyrin IX	C02191	43.40341818	54.89215638	69.0987925	37.94132823	70.74690615	72.80867718	27.36680084	13.61496626	20.25286985	12.29631888	20.20383998	9.411880553	0	0	0	0	0	0
Castanospermine	C02256	606.3851153	572.7932663	585.9228803	583.2627665	583.9665511	641.7209569	161.2802814	143.6990117	223.0021272	251.4627007	291.1947473	234.822737	56.58403265	79.42789867	60.78543445	31.08889221	4.996168549	54.84146481
Pentostatin	C02267	118.3303576	114.5426194	161.0486896	122.235865	136.835204	154.7207753	29.15366017	40.27066559	27.43899875	25.76981629	13.14405416	20.03237146	7.936699953	5.060921098	7.467338637	9.208567087	0	7.546228326
Alpha-Aminobutyric acid	C02356	8.22794638	9.906074624	9.685317271	13.08493288	14.38723198	10.05966399	42.38064542	38.44540303	133.0054944	171.6855711	70.33767518	139.168999	309.6944536	233.0184988	272.9618916	288.9733332	171.395755	607.2758701
(S)-(-)-Perillyl alcohol	C02452	0	0	0.819113738	0	1.232728266	0	4.832247125	6.245181541	13.46191027	0	10.76907584	11.25633752	31.59567923	42.99631663	26.6746881	53.3801764	26.90090494	39.25949554
2-Isopropylmalic acid	C02504	1427.745819	1383.505439	1550.715193	1529.124085	1289.388396	1580.087285	1303.19723	1546.964547	1775.338731	1542.006428	2051.261173	1866.306061	408.6394715	409.9883828	355.9084729	383.4708874	226.515461	303.3358714
"CE(22:4(7Z,10Z,13Z,16Z))"	C02530	165.156852	188.669207	188.5832197	160.2417739	159.9768499	173.1786117	0	0	0	0	0	0	14.25008937	33.50353017	0	13.40991198	13.83488251	32.67493922
Dodecanedioic acid	C02678	112.488458	108.4815364	109.3311706	109.3700993	118.5253007	109.3419417	2.485826777	2.638248898	5.855440562	3.856306354	3.747883725	3.495248431	0.121217137	0	0	0	0	3.021922155
N-Acetylmuramate	C02713	16.46984708	15.24288773	24.34188746	18.08806027	20.53231486	24.42950466	17.16061812	34.34550782	36.91990791	29.4732473	30.17969404	33.96161894	13.11785402	23.88472589	19.53935603	20.24790849	13.22678183	25.68493724
Phosphatidylserine	C02737	1751.632407	1635.141717	1535.754832	1675.897218	1800.026913	1681.11112	659.765246	630.5358742	666.0699461	752.6768805	624.231004	719.1914358	2620.785551	2733.253222	2764.873916	2667.590045	2647.811014	2541.716856
10-Hydroxydecanoic acid	C02774	42.14235208	41.3994508	48.62646208	39.55460703	39.83446041	49.9129283	6.232118443	11.68052421	25.3002295	20.47178898	29.16614811	13.16060259	22.81458622	32.39388132	39.32483941	27.35837192	2.141847492	32.17919404
2-Methylpropanamine	C02787	11.60976095	11.66796108	19.69736069	9.766254858	13.45351938	14.05818829	49.6626793	86.01738557	60.74254348	70.5268452	42.31581732	57.09114698	208.6392347	180.6431815	180.8153085	170.2458524	188.6277651	145.9885705
Norlaudanosoline	C02916	157.0224485	192.4634692	175.377277	159.8126292	171.9683737	178.5491883	9.605441201	11.79099251	14.19606144	10.05156784	20.81068407	13.7636574	114.5924036	97.97081878	129.9808136	120.4638864	31.02207815	97.86931497
L-3-Aminodihydro-2(3H)-furanone	C02926	32.90115781	45.24841347	40.61202804	34.39690066	34.9449674	41.12194239	117.6176935	113.6539541	105.8476954	105.6049314	95.03345274	117.9346162	502.3752812	476.5595983	500.4700368	506.0835623	491.9563404	413.5155082
Arabinofuranosylcytosine	C02961	506.472153	483.1634669	441.2142124	441.2456033	452.7763713	342.2003513	0	0.779594547	5.685128587	0.83199554	1.951080274	3.618099131	0	0	0	0	0	0
Tyramine glucuronide	C03033	993.4617362	977.1373506	1026.379117	949.9203481	1026.242241	1073.252166	320.4515395	327.255523	483.858542	535.3502425	518.44496	429.16013	2303.834678	2702.690557	2546.795157	1960.680718	1572.726553	1801.392789
(Z)-4-Hydroxy-6-dodecenoic acid lactone	C03107	29.61879614	42.76732795	42.3345129	38.11150408	39.16483601	37.27688505	2.740055141	8.844868468	10.62260278	12.40115733	13.88448398	12.01009241	1.246210816	8.564685086	10.5318925	53.32550571	8.662226643	0.778189201
Trypanothione disulfide	C03170	25.82329471	27.16366824	25.31519301	24.74111135	22.72180588	22.26325969	0	0	1.736811175	0	0	0	0	0	0	0	0	0
4-Imidazolone-5-propionic acid	C03680	4.141745568	5.329464411	4.312427183	6.381810763	4.077561101	4.766945	259.1934791	190.9824326	234.0788468	249.3555487	296.8546526	206.3471793	125.6373776	81.76988051	75.12007692	92.91790337	60.3427086	61.84421334
Gamma-Glutamylalanine	C03740	78.33628838	134.9060495	75.31380683	84.03940385	80.58915619	98.39676994	203.1343516	171.2735784	275.5365694	175.9560474	207.0573303	138.7357066	8.601497594	63.67275097	54.66869376	95.90093737	3.149923352	95.65438082
Thyrotropin releasing hormone	C03958	12.03356748	13.07612042	12.24360646	10.54340905	18.13838674	18.0226784	768.0613515	784.0754184	1104.224103	1341.552102	1009.084938	957.1418849	0	0	0	0.742760156	0	0
Menthyl pyrrolidone carboxylate	C03962	942.5471539	981.0122346	1009.523647	1053.988194	956.6110312	1013.207079	287.6957777	308.0541074	354.9932378	418.4624443	465.8224048	390.1762257	168.6770833	241.622028	238.6854643	227.213621	87.62513166	188.9109031
5'-O-beta-D-Glucosylpyridoxine	C03996	66.93795173	73.84258708	103.2489451	74.83277146	76.57055059	100.6594435	0	0	0	0	6.804632073	1.850486372	0	0	0	0	0	0
N-Acetyl-4-O-acetylneuraminic acid	C04015	4.662285111	4.886025515	6.212104874	8.134439712	7.416009032	10.36292553	45.83742234	44.97758658	46.54117883	41.99690136	38.14517868	54.34594062	149.0915044	138.3752783	219.8612537	134.5767573	151.4169871	149.8315701
D-Pantothenoyl-L-cysteine	C04079	15.13113737	13.70020278	15.4148445	26.80989327	8.81065577	9.191701844	16.47000687	33.70308787	10.61908918	16.40267149	18.11306134	12.68512179	0	52.14870408	36.90346511	20.87410734	19.05841639	0
Vomifoliol	C04166	469.74378	487.8860236	493.6448842	489.3128978	470.7502491	442.9409682	301.460065	371.7141665	346.3733587	412.8439393	484.542092	398.9781756	207.7487816	279.110598	263.7737255	298.663475	174.4972373	264.1873171
"PE-NMe2(14:1(9Z)/22:5(4Z,7Z,10Z,13Z,16Z))"	C04308	923.2059793	809.8330314	835.9149835	791.3451613	772.326649	867.4179449	0	0	0	0	0	0	27.20183933	10.75564726	29.52750301	20.11616292	10.77746194	11.58682638
(Z)-[(4-hydroxyphenyl)acetaldehyde oxime]	C04353	208.8863878	216.9913832	200.3687519	167.2414642	188.4088438	194.2804248	263.7289092	234.1007392	187.5766728	232.4903209	219.4103177	199.2508903	149.9082477	234.1737838	327.2162162	233.4940588	192.285814	259.536894
3-alpha-hydroxy-5-beta-androstan-17-one	C04373	216.5445158	246.6604133	222.2721274	211.8106955	212.3669224	220.2605828	3.458853068	5.912918913	7.321222116	2.819930606	4.35212473	4.610060517	30.60932657	35.57253403	45.60236841	33.82051016	31.71686707	34.29866116
3-Hydroxy-L-proline	C04397	12.12201924	11.97503794	15.18130506	13.04499687	14.25290258	14.48724141	79.25825231	82.20501817	93.68916534	89.70276682	101.388545	94.59945462	26.22798557	27.75930295	35.70451495	46.59768415	27.86009397	21.62219517
"N-Succinyl-L,L-2,6-diaminopimelate"	C04421	131.885815	152.5257544	151.249067	152.2657097	144.1282328	137.566338	23.23254156	8.79736553	108.7785456	102.33514	127.0210625	120.4063714	5.828548388	8.138718262	13.29462139	10.47488159	0	10.10036143
S-(2-Methylpropionyl)-dihydrolipoamide-E	C04424	129.4425618	140.5757225	144.1488026	154.7306302	145.2652428	144.2321694	185.3464954	366.6199941	439.6272306	556.3518251	442.1847514	499.8584976	1.392095808	0.447761212	0.688085709	1.218367406	0	1.147540859
5-Methyltetrahydropteroyltri-L-glutamic acid	C04489	175.8510703	178.7067071	137.1989706	157.5641214	179.2061828	165.3141919	121.0946563	153.9592021	166.9389158	132.2263377	177.3054966	176.5708654	0	2.199570189	2.74020041	0	0	1.220579349
1-Methylguanosine	C04545	60.21716283	72.90122341	65.72082852	71.72381013	71.09798231	83.63040161	546.4872338	238.8466203	834.6696123	1158.741297	552.9476389	1105.719842	2.74608577	5.519946079	3.492081099	14.77168041	3.793506296	0
2-(3-Carboxy-3-(methylammonio)propyl)-L-histidine	C04692	18.70212126	20.89385445	35.2554597	24.8363005	31.17690525	26.29039148	0	0	0	0.002326291	0	0	0	0	0	0	0	28.19971934
15-Keto-prostaglandin E2	C04707	547.9189541	531.9023858	505.2111211	558.4534171	590.304382	552.954222	78.74399342	48.25477186	61.07444435	110.0323691	124.9537108	82.7189223	22.55784758	27.78490013	43.44296334	39.17415479	1.236938085	28.0077217
G(M3) Ganglioside	C04730	11132.71272	11566.54421	11247.30173	11436.19375	11012.22372	10971.82015	0.155361911	0.074668188	0.005385675	0.012513428	0.254137132	0.045048333	319.8979202	369.51665	304.4577734	292.2340856	152.2802697	330.6397078
5-Amino-6-ribitylamino uracil	C04732	12.29039948	13.53544906	19.20904554	15.36447613	22.51671495	23.89986893	0	0	0	0	0	0	0	0	0	0	0	0
5(6)-Epoxy Prostaglandin E1	C04741	416.0250269	466.273785	493.6355426	436.3957555	467.4273861	481.1834085	158.7053135	130.1740667	153.8175266	151.993688	166.0162821	157.9381294	1866.533188	2485.615231	2183.16545	2454.239309	2024.905618	1883.907331
2'-O-Methyladenosine	C04779	39.90032656	43.003471	55.04173087	53.40995437	55.21949073	52.97203268	0.539805909	0	0	0	2.129550842	0.041351114	0	0	0	0	0	0
SAICAR	C04823	38.39607015	48.59532985	53.171896	46.02512759	48.80620609	48.16809972	483.2132608	725.004194	378.9493798	584.9230454	413.3187451	517.8255589	1778.462435	1475.153511	1506.247892	1931.703801	1898.930179	2118.811203
17a-Hydroxypregnenolone	C05138	34.72532192	36.69954578	44.35397049	35.84439202	49.55958949	42.11396573	37.37874609	47.4162436	24.28105832	22.74653285	29.39260354	30.61881898	66.51816928	51.16238176	80.19650621	73.28007729	55.4101538	62.84106261
Trans-3-hydroxy-L-proline	C05147	1039.16406	996.5834466	1091.50222	1197.104772	1068.999932	1074.654784	2109.40996	1999.053294	1923.568424	2279.660822	2353.852017	1946.891275	1302.992481	1439.244626	1452.133089	1527.606404	1140.489087	1158.165976
Protopine	C05189	539.2179836	594.021059	484.8506392	396.7113851	475.1399327	467.410915	130.060913	144.1283057	119.3287086	153.6863586	170.5660568	152.1622041	323.436919	313.9876617	333.6063537	287.535572	137.7015458	321.7546899
Isosakuranetin	C05334	269.099204	255.5129387	336.8568202	312.4933666	252.6128037	258.8373998	0	0	0	0	2.883275216	2.139316275	0	0	0	0	0	0
Tautomycin	C05372	12259.877	12090.99451	11850.0502	12828.62225	11855.34769	12552.88065	21.2929607	33.14669285	0.098358805	3.585947145	4.896745057	1.198868855	463.9729405	390.3022898	365.3150778	266.9985718	238.4628115	358.7669919
5b-Cyprinol sulfate	C05468	5668.960239	5269.29794	5543.914553	5378.575952	5545.800644	5090.39242	1050.868068	1268.865569	1489.560266	1509.018776	1564.759551	1587.38789	2875.228951	3037.826015	2992.105924	2806.179277	2200.201383	2262.370325
Deoxyinosine	C05512	0	0	0	0	0	0	19.135884	27.75073126	18.82475898	25.43776982	19.88988573	20.29540285	0	0	0	0	0	0
2-Keto-6-acetamidocaproate	C05548	214.1011634	282.7723197	256.3549333	275.1754069	269.3909083	250.1006543	261.9075385	289.2209334	315.0278622	356.3042272	333.101185	263.6472506	0	0	0	0	0	0
Isopenicillin N	C05557	909.4455785	840.9048649	873.1552689	836.6895272	768.8199812	891.797877	265.9031034	291.760755	308.0244638	334.7456947	354.1081372	312.764111	677.3725932	857.1568156	783.9125226	621.445059	392.4076337	584.8284789
Normetanephrine	C05589	111.3777454	96.99781422	94.33517274	108.5283691	101.4789454	100.148541	7.716046499	5.707234111	10.45843141	12.82223616	17.92669452	7.090736187	37.18069306	51.5251814	39.77692411	32.02811575	27.45146409	31.83070015
3-Hydroxyphenylacetic Acid	C05593	21.57801156	22.6112594	21.62789099	23.59370089	22.40211711	25.43317654	34.6022562	33.28122195	32.41757665	39.96787739	31.22521831	30.17559775	305.9837386	282.3718645	242.4736195	240.2585811	223.6375114	228.5497534
Hydrocinnamic acid	C05629	0	3.494096586	1.752399051	1.784609156	3.63823089	2.522906164	0	1.017415036	2.5971915	0.715701832	2.08332497	0.121094821	3.132418939	10.22346995	10.60079886	3.019258948	0.995944073	0.155090738
5-Methoxyindoleacetate	C05660	155.4408312	209.7867008	158.672426	140.2648802	162.1087337	180.7122689	151.6534337	135.9002784	108.2592113	180.9830357	142.3733143	127.1430326	21.14164725	28.10013535	0	15.81717582	2.336596118	109.9041851
Urobilinogen	C05790	365.0404562	411.4864684	452.2261062	378.6529618	382.1945971	438.4359316	48.42822206	34.58993173	82.46936337	69.74064379	85.22337459	71.35735096	158.4130298	212.9930789	144.4589729	154.3736652	65.72805977	125.4267148
Nicotinic acid ribonucleoside	C05841	46.55762676	51.26351429	64.6144131	51.3681884	60.37916866	62.75758877	55.21100769	53.6427301	72.43946484	71.81737784	84.75359199	73.82270778	3924.790745	3746.323553	3505.086612	3327.021088	2059.355397	2927.18455
2-Hydroxyphenylacetic Acid	C05852	35.81749389	33.66282268	33.60985243	31.99233585	30.74776689	34.82480149	9.233516025	7.664122261	1.502559233	2.61423395	3.882793631	1.275256096	25.02066793	12.93977851	3.819594866	6.613189595	6.562819074	19.70565267
20-Carboxyleukotriene B4	C05950	843.3335573	888.2120339	934.6151793	791.7427581	945.587517	965.775237	441.5526899	460.0570588	584.0398596	573.932799	480.1394551	525.6395563	3433.285135	3712.910425	3585.090227	3361.609622	2771.637064	3435.202162
Leukotriene D4	C05951	0	0	0	0	0	0	0	0	0	0	0	0	198.2333801	137.577442	147.2011473	201.4092945	68.1129912	128.3356462
11-Epi-PGF2a	C05959	23.66707309	26.88776657	22.92126999	27.69490056	28.40867083	21.62856545	5.024754345	4.088331714	6.222115379	1.604121117	7.66352169	8.60110785	3.62381426	3.771295284	1.97954815	7.73011493	3.13308049	6.406545576
"(R)-2,3-Dihydroxy-3-methylvalerate"	C06007	68.94904429	82.13497423	89.76951044	76.73617213	82.73312088	83.19393636	157.6767338	139.4335984	73.57705778	111.1856915	110.8105426	128.2417669	6.30642042	2.335146414	1.846460995	0	57.57264434	7.114311798
Salidroside	C06046	173.3671515	192.3037098	177.9511025	163.8163312	177.5182346	181.1605303	97.46674895	104.0682461	112.8309883	132.1998318	126.2061359	113.6908409	281.1997231	266.724271	208.1608764	225.3370603	26.49159499	161.5790917
Deoxyloganin	C06071	366.4566336	426.6493672	402.3830811	362.7625439	392.205482	383.4483373	273.6010681	284.4848464	249.7900138	288.512842	283.6179361	229.5166256	1051.542221	1145.80435	1149.364898	1051.071646	663.6709802	1023.984402
(S)-Abscisic acid	C06082	96.25684701	107.6469897	123.2307289	107.9210238	111.8713469	100.2912688	18.03038048	15.22783801	40.31902198	39.42966665	47.25986162	35.95392082	90.29422059	94.62556489	115.1412261	120.2390219	55.71516235	91.17491612
6-Hydroxyhexanoic acid	C06103	96.50571817	94.92916283	96.35360624	95.84025549	111.3118754	95.34978062	4.66326615	11.10036086	7.468449679	12.40518127	8.248135046	8.61350444	0	0	0	1.03884741	0.522116471	11.57223469
Gamma-Glutamyl-beta-aminopropiononitrile	C06114	22.71160209	22.83466992	25.30097301	25.27016439	23.30439979	25.24787252	38.02097831	55.90112982	58.7861159	20.35924394	51.14897182	40.27122472	173.789772	192.2444979	199.8988326	196.8348477	135.0302828	119.1319199
3-Ketosphingosine	C06121	95.41706261	53.25572642	73.10237184	69.21288976	59.30186069	58.42506105	197.0849648	258.5332005	119.0576787	206.0403419	293.2350808	194.1239461	398.9194692	995.684834	815.2926102	758.5966774	1078.589108	898.8182188
1-Butanol	C06142	23.19610725	24.23547213	29.14906109	17.92800257	25.25779581	30.19312193	88.06917286	98.99582099	107.0660387	99.13588963	101.7485162	103.1208183	315.3533473	293.8030361	408.6864859	380.1740033	287.0033482	310.4316374
N-Acetylneuraminate 9-phosphate	C06241	0	0	0	0	0	0	5.640908416	14.71143409	10.5321452	7.621235799	10.15009176	14.08764638	0	0	0	0	0	0
Lacto-N-biose I	C06372	543.7064226	524.0567676	541.903598	505.8869377	530.9914723	545.0196615	89.91531435	85.52848339	116.1773565	130.8727341	113.1222473	115.1864339	409.5293223	444.1443473	399.7470706	333.2710515	153.1141202	301.9469593
Algestone	C06391	106.7074494	102.5859614	119.7273425	115.1745424	106.082395	123.2194245	73.23333319	74.88283148	106.9882418	77.08354531	89.15246275	53.36827551	54.73831205	46.74828662	58.60395004	63.61167868	36.6931388	57.96235022
Leukotriene F4	C06462	567.0106692	593.9629867	584.7369183	454.4655458	673.2401197	555.1496885	6.686156006	16.29949706	18.71154749	15.99993291	7.854376708	14.70115736	68.87232121	64.18196827	76.05274728	58.36721475	15.53442498	18.3138946
Muramic acid	C06470	928.9328639	902.6524873	917.8392993	902.9542661	880.2696042	1003.11365	5728.246833	4948.731884	6740.537356	6262.62725	6838.722625	6357.474785	471.0064591	495.7081524	421.4102759	419.0511694	232.4573203	383.9251953
P-Cymene	C06575	1.585146989	3.440941517	2.722213907	1.862499621	0.927180234	1.55790393	10.42493195	6.291019483	2.4369741	7.431006342	5.432754075	6.990814737	27.89360687	39.53666416	25.87818381	47.80593895	17.97629646	36.40583912
Oxytetracycline	C06624	503.717799	587.5691095	631.1455167	579.9215794	637.9989454	738.4318169	2894.537446	2840.645683	2051.779825	2295.201594	1958.220109	2132.973087	7849.182785	6770.203321	7078.672138	7405.020712	6566.40752	7453.479781
Imipenem	C06665	363.1938981	359.5665535	464.238858	391.9673935	340.4533409	373.1320908	0	0	0	0	0	0	0	0	0	0	0	0
Mitomycin	C06681	918.7229359	918.332864	978.9443317	922.1059656	939.3411054	841.8517652	0.983862831	1.280139592	0	2.427577809	2.020612075	3.164210154	0	0	0	0	0	0
Rifampicin	C06688	65.95695301	78.1669755	75.94932153	82.15431075	84.00347936	83.84142534	21.99889822	9.85568953	28.59240824	44.71969725	45.21886847	22.20979209	1019.034037	1396.597948	1390.848202	1347.151114	1089.316141	967.285619
Monensin	C06693	161.9968981	177.3806227	162.8695329	155.4908735	161.6807688	145.2574604	0	0	0	0	0	0.612526136	0	0	0	0	0	0
ISOPROPYLAMINE	C06748	0	0	0	0	0	0	0	0	0	0	0	0	0	2.020559415	0	0	0	8.093802915
"1,2-Dichloroethane"	C06752	145.9949683	124.8046298	183.1509823	157.3218331	92.06523678	264.0249741	582.4231159	203.833526	1010.766868	967.8185028	1348.368954	1360.752954	411.7643257	520.4384781	306.4283228	519.2937924	452.7342007	1160.883459
P-Tolualdehyde	C06758	15.78842597	20.8860096	23.09559293	17.70544246	22.16688301	21.62224702	109.4873315	161.115417	91.26174564	140.5771297	113.5740957	156.1326039	445.5740548	404.9798479	452.3640781	491.7313578	451.4613966	518.2725973
Lincomycin	C06812	349.2400385	377.0780516	390.5631779	358.2111688	436.8485461	338.2033185	135.5609625	133.0292145	149.5948235	120.9495247	143.6129331	150.2709273	263.8519785	273.8546052	364.5748108	383.1279276	146.8840973	291.8138604
Amikacin	C06820	63.59473267	87.35864182	89.16807166	83.6515557	88.96467453	104.9106527	342.3915751	318.6010212	321.6474228	302.2367916	258.2287205	295.5884248	1230.651784	1345.713437	1173.089833	1179.455059	1109.257711	1086.413978
Clarithromycin	C06912	1200.682541	1033.17779	1111.430616	1027.222658	1028.185791	1113.356476	0	0	0	0	0	0	83.65459756	52.27367389	62.63779857	109.9500827	45.32138897	83.09444498
Clindamycin	C06914	374.7454405	346.7537052	362.4702248	360.8855896	367.0329353	380.9028593	63.35724387	76.77865224	126.0482482	134.9723989	152.4304259	121.3217087	111.8524938	184.0046318	202.114119	124.9098502	9.983737685	117.8227692
Enalapril	C06977	130.4623706	139.4277152	144.9115358	135.73461	145.615489	141.6528061	169.619772	182.442581	163.1011309	192.033112	170.992477	161.2639951	609.8030964	607.6687459	669.3982642	555.2338286	463.8610005	600.5735016
Methyldopate	C07194	352.9202222	329.2178394	354.1676238	351.2032068	371.1486482	285.7150705	158.6301481	207.7371768	122.3701366	153.5591999	136.4552562	138.9920883	178.0671917	177.6646637	291.6547337	249.1375433	159.0364324	177.8310119
Zidovudine	C07210	3.395976175	8.703905874	13.49891653	4.741714521	5.770775044	6.698339623	19.94811486	23.57132173	29.72020874	33.72217077	25.63209494	36.00259657	0	0	0	0	0	0
2-Methylbenzoic acid	C07215	128.3730696	109.5462158	115.1015447	118.6098643	111.9911664	116.5345536	29.33372079	34.53820443	46.49817751	42.6895553	36.20536782	41.06233855	0	3.918272486	8.504226406	0	0	0
Arabinogalactose	C07285	2597.599415	2568.953066	2613.977166	2725.996852	2698.942131	2511.497542	74.45369402	131.3806156	600.6840378	564.172021	732.8386262	501.7450551	49.27130655	58.49245295	66.79607899	66.85179837	37.09692993	44.36131107
Ondansetron	C07325	637.6272451	632.7044306	529.4228154	513.3509716	691.6932221	556.6635663	585.6994817	341.2236108	250.5852738	290.2235457	232.8731907	186.7019574	849.5879114	935.0546127	858.7467202	821.168892	512.9224394	1023.810257
Procaine	C07375	427.1155499	475.5430368	463.0743334	418.1127706	459.3914722	462.8820398	68.97235649	132.3797769	96.40008257	81.95840829	71.79138064	87.05942978	860.1898619	831.3181959	1002.739943	939.5014683	517.3584481	635.5099523
Succimer	C07598	531.2952522	400.468281	477.3847066	418.3847918	449.3801152	350.7270118	1119.896218	1510.657725	1250.352209	1697.688834	1170.023524	1214.642304	515.6680783	631.8352819	593.4282124	634.0485082	831.2968908	873.542203
Voriconazole	C07622	294.3638779	298.9930584	281.2052804	253.0916097	280.7629701	283.7669433	228.0557547	221.7311856	217.1990343	253.1437016	275.4827857	298.7781692	337.3953234	438.8815518	454.5325465	361.0126388	153.0444754	414.4672996
Mefloquine	C07633	5241.507972	5174.858659	4391.615646	3855.490829	4727.585785	4252.52097	18190.15712	19620.89941	20705.77222	17340.23472	19560.8731	19839.8396	0	0	0	0	0	0
13-Demethyl tacrolimus	C07649	110.1472125	118.9527648	114.0688016	106.3530006	125.7431196	121.0452997	0	1.131357452	0	0.155496714	0.641837242	0	0	0	0	0	0	0
Netilmicin	C07657	16850.4409	17361.88877	15564.58605	15996.28385	16360.52782	16695.49476	26.05488391	34.85266273	15.21586386	21.39594988	23.56753529	14.08606171	1216.385497	1442.537067	1234.059023	902.6029388	1138.88555	998.3355075
Moxifloxacin	C07663	74.23779218	90.73918071	84.58957362	79.38920679	86.11347021	95.48557051	0	4.186871045	0	0	0.984468752	0	0	0	0	0	0	0
Perindopril	C07706	496.2534979	547.2817841	487.2955826	592.4681803	548.7901345	492.5772478	326.7772824	342.2694763	376.8429114	404.3732009	489.3485367	433.6160807	732.1190781	789.7588549	706.7193544	862.0665344	414.8864611	653.5067838
Nitrendipine	C07713	20.06262968	24.248931	31.00961973	25.38772754	21.96349264	28.78954592	450.23228	431.4067724	85.89750439	158.3301969	59.15338093	77.73247245	0	0	0	1.047856419	0	3.248330671
Mometasone	C07816	2387.248527	2578.150213	2499.852996	1872.374158	2221.046415	2208.331185	14479.72419	18583.15697	16839.09621	21609.09787	16568.99281	17872.23844	2805.431187	3259.939989	3207.57136	2822.807447	3903.869116	3645.587238
Etiracetam	C07841	63.19184536	65.07897214	61.02519527	63.05921544	58.97737392	66.89046208	47.80327537	79.65527097	38.49943422	52.94679424	59.80495156	65.19781853	88.4146679	92.63944342	95.13055619	110.6808361	67.74343433	87.00454444
Propiverine	C07852	198.7885812	224.8329281	207.7494439	190.0990311	197.0791923	210.3918526	216.1821132	203.2211537	148.9831542	190.0544943	200.1884766	190.4500629	60.14797366	110.7677734	133.011517	117.2889663	58.1668827	142.348865
Cyclophosphamide	C07888	97.98752553	87.30296147	33.59003978	88.178634	105.006558	137.3514836	337.7167243	304.2402281	575.8141238	317.8805174	340.0332974	494.8057331	1119.265797	968.1684947	635.2390835	540.6670702	2972.016151	1263.539557
Dalfopristin	C08033	189.9668835	178.7576905	202.7416568	166.5570715	188.9046787	207.5540304	0	0	0	0	0	0	0	0	0	0	0	0
Pimaricin	C08073	131.7467371	147.8297143	162.0206943	159.5904422	155.2705666	149.7200281	5.059339262	8.409921016	1.545626079	8.129493155	6.398172591	0	0	0	0	0	0	0
Doxercalciferol	C08211	48.97202673	44.00521226	41.4440437	42.58144981	54.86382774	52.05965789	41.0365313	53.63026193	43.76958518	44.68410482	40.83944975	62.9895381	35.32499786	49.22455341	38.74969223	50.16210901	34.59328126	39.05684999
D-manno-2-Heptulose	C08236	131.3802162	140.7297043	139.4781772	154.9349087	117.7700466	165.1349759	236.2098007	177.2522679	250.9148882	205.2966417	306.0816468	264.8383082	9.352887683	5.659919732	7.943655312	12.14458858	1.48089137	11.54067585
3-Methylthiopropionic acid	C08276	51.51302348	58.90779522	57.17628234	70.9156316	61.35668035	67.80810246	0	0	0	0.612231217	1.156739311	0.962798793	142.9360984	128.7060251	148.7119099	167.9386829	103.3515194	123.1162936
L-Hypoglycin A	C08287	7.122650236	7.825814668	6.150012172	9.386418321	8.895204503	3.713911752	9.559547776	16.39791281	13.43788091	9.523838262	10.37079942	7.587049782	164.4041035	151.7215832	168.649532	143.5854385	134.6801339	129.9439688
Amygdalin	C08325	374.6815376	394.9703112	312.7883141	275.4270262	293.5870342	321.4544724	9.095821689	3.377525327	12.55391595	11.55943305	23.89142261	11.33255318	0	0	0	0	0	0
Gynocardin	C08331	59.47055409	76.11137208	81.14762277	78.68280456	83.32825918	78.1329579	57.46957014	75.72903345	75.7714231	66.02747008	71.70114138	69.62021997	5.614010201	3.291598933	0	5.267886461	1.331600025	2.357798305
Neolinustatin	C08336	134.4571818	164.6322581	158.625452	150.7531292	154.1097312	150.3767485	72.65156762	76.78221358	80.56033868	98.41074104	97.5219039	134.0772816	68.17365203	100.5909428	182.8451467	4.6455859	63.62916227	588.4013377
Sarmentosin	C08340	9.121744369	13.46661032	8.689156654	6.04394605	14.42615018	9.00991045	0	0	0	0	0	0	0	0	0	0	0	0
Beta-D-Glucosamine	C08349	55.41862739	65.68086932	61.57013224	66.92960455	65.02628372	61.35237303	4.140985026	6.770254494	37.54500928	24.0662623	34.3190672	12.51176302	1.683318709	0	0	0	0	0
Beta-D-Glucopyranuronic acid	C08350	61.79642989	60.53136148	64.39672867	67.8991474	58.64507669	63.15233024	39.70480142	68.49464552	68.49681531	38.94105931	121.0241304	95.97689702	0	0	0	0	0	0
Convicine	C08430	383.4707559	372.9807026	401.3037793	393.4087486	409.1227142	382.0226724	319.8425855	413.0860571	475.8279737	461.5170669	492.1568672	493.784008	79.75132775	108.1636874	108.2584044	117.6161663	48.692566	112.2485421
Cucurbic acid	C08482	127.4172964	131.8079056	125.4871271	146.3704181	92.95602816	172.9973043	381.0649601	442.9477483	421.9262237	310.7838409	275.2201602	510.3825283	1280.384625	1409.243014	965.6525799	2010.088483	1173.828493	1303.762893
Jasmonic acid	C08491	1.35283143	1.297856379	0.859316687	0.959837979	0.390257873	2.113777156	0	0	0	0	0	0	0	0	3.741469086	2.177609052	0	0
Indole-3-Carboxaldehyde	C08493	45.78130301	46.38370734	44.76029406	39.2993603	43.84498708	47.73903619	18.23050008	11.88671196	9.474935504	11.27228057	20.50311505	14.36596394	194.3791682	167.5302151	143.997786	175.0669278	129.2787365	211.7871258
Parasorbic acid	C08502	27.31833031	32.85885896	31.5362697	31.04908368	38.35346159	39.55206747	54.63679272	54.62312463	302.1206039	289.2614787	348.9616993	319.054099	129.6647241	93.68817568	120.004861	64.40309195	56.51936402	82.21930701
Pinolidoxin	C08503	71.67691621	67.27565332	77.46496032	66.48947445	71.94074997	68.89639388	96.28240997	96.21465991	95.17985018	93.23704344	105.3923086	92.97915323	161.6699224	166.9385335	198.5066541	191.1165601	130.7710818	148.1558888
12-Hydroxyjasmonic acid glucoside	C08558	0	0	0	0	0	0	133.8597905	195.6269025	228.52285	190.6336785	333.1939786	256.5188223	133.9700564	151.9809606	196.1622874	111.1495648	34.60186726	39.69217558
Portulacaxanthin II	C08565	0	2.074034994	0	1.325472641	0.979557017	0	6.142700396	0.913782652	0	4.765287656	7.017374697	6.79276688	37.49667606	9.939299774	39.29288961	34.82270059	16.78514591	24.29733423
Alpha-Bixin	C08582	808.8024592	1743.338634	1199.213692	1690.44666	1286.070817	1009.237621	4081.341327	4368.39935	4387.139894	4087.96186	3492.918829	4607.806973	24863.22789	14592.84448	28445.04801	11805.39332	17023.95052	15983.74118
Pristimerin	C08633	41.46365322	30.27126131	42.90935057	33.45691412	41.90794962	41.06861079	182.0670462	170.2602578	162.862088	155.3585269	171.6054063	169.8634254	515.2657633	591.6537235	557.3856838	646.4343222	429.0336501	619.4928351
Deltaline	C08679	344.2269943	371.1831685	380.6070345	347.247436	371.7230085	348.0995817	89.94380954	105.0989736	89.7960169	109.5916206	99.40685966	101.1696499	1085.076385	1068.369746	984.6281609	861.1244694	790.3868244	948.5712197
Azadirachtin	C08748	6.927350752	8.126269166	5.652492759	10.558053	9.811849863	8.158881932	0	0	0	0	2.791230992	3.960592388	0	0	0	0	0	0
Bruceine D	C08752	887.4590628	906.4569356	977.7459867	907.6357442	885.2192499	861.0948994	229.4044755	244.1208913	306.3712178	315.2216263	386.4132284	340.4683759	106.4284237	146.8410278	138.7832551	137.7896263	34.04011459	148.6965184
Nomilin	C08773	196.9163933	216.5351483	222.1539315	191.2985923	200.0294846	223.6278744	4.649920308	9.304669697	3.473287812	37.17800197	14.88549166	3.883987879	0	0	0	0	0	21.47679898
Salannin	C08780	3931.704768	3752.500116	3909.362431	3466.808266	3615.53927	3812.768033	993.4779154	1020.679666	1529.909599	1361.442566	1443.708618	1357.295778	1823.7521	1741.310181	1856.861844	1760.924753	1102.645785	1511.049938
Cucurbitacin C	C08795	1948.883524	1972.684132	1842.163555	1851.472124	1903.953744	1932.399122	58.65100307	89.66263625	48.80890635	47.30748281	57.43631148	40.36450344	541.0049483	526.7511169	727.6458736	557.8042665	310.5265983	411.8513458
Cucurbitacin D	C08796	14513.24289	14357.50932	14353.73028	13622.11045	14556.35969	15595.83223	1636.760364	1670.856066	1758.698132	1830.29979	1715.441023	1530.916144	5480.998312	6095.268928	6167.894043	5037.2786	3099.335777	4367.235869
Cucurbitacin E	C08797	3610.612768	3533.211187	3621.968161	3241.6896	3203.587791	3417.947503	851.7042797	990.7338322	1391.667675	1326.386405	1263.251889	1211.24134	1265.480222	1269.161092	1443.024816	1181.791634	756.524615	1013.312017
Cucurbitacin I	C08800	5701.572727	5919.708037	6197.061714	5606.756362	5942.341187	6457.658661	1751.244359	1901.705754	2535.586317	2424.547771	2194.409722	2143.339131	7900.654009	8524.331221	8862.64008	7452.104338	4516.020735	7364.887124
Cucurbitacin S	C08806	39856.9386	38945.06892	39326.61429	36194.39207	39247.63204	41426.02516	2865.457603	3220.910033	3653.885339	3794.401752	3536.807763	3374.148041	10909.61068	11666.96688	12013.83414	10137.26714	7372.271973	9706.832919
Cyasterone	C08816	649.910927	660.5560951	685.44603	574.9972764	708.2696781	684.3162317	120.8589811	97.83340351	142.5947686	190.2136665	163.4848825	126.9678657	254.1042172	159.8701186	245.4228787	117.6460734	31.04970263	141.0957846
Officinalisnin I	C08904	711.4486342	735.568634	781.3792885	674.7167355	718.6777894	744.1796033	14.7757711	37.2991258	51.5892196	67.0025101	81.03175337	73.99743235	7.186677016	0	0	0	0	0
Alpha-Hederin	C08954	450.50264	472.3067534	475.0419683	470.33366	463.4385236	483.0977334	0	0	0	0	0	0	0	3.331626519	0.790222261	4.225224974	14.21328923	7.865396001
Phytolaccoside B	C08968	455.8446786	440.7191404	335.0477973	400.0498819	479.1927219	404.5626841	4.468522343	21.43028354	46.63251728	55.87439573	8.89962153	25.59149386	0	0	0	0	0	0
Aspidospermatine	C09041	370.3510319	344.177391	282.8985042	362.9868281	306.3185739	365.2903236	930.9566025	849.2501898	870.5869622	577.8882626	629.9917666	604.1493233	2795.683595	3028.879556	2903.246817	2054.301797	2441.74899	2817.307971
Tripdiolide	C09202	27.72514999	24.01950729	20.17823464	24.5768729	35.98488103	20.7336044	7750.701406	5984.296235	758.8176837	1651.495435	772.2314845	733.5096238	0	0	0	0	0	0
Rhyncophylline	C09236	276.7627956	413.4383658	149.3106459	208.7942332	232.193355	153.4490615	535.1786307	600.9483867	249.2894521	341.4292449	259.2766059	201.1822485	568.0500655	437.6188437	363.2541525	277.8608424	366.4260339	533.7411642
Absinthin	C09286	2267.046146	2277.203397	2207.11854	1969.454139	2368.374737	2297.116226	1902.37458	2198.792134	2638.911547	2889.631333	2889.207432	2517.169046	1047.616075	969.3679167	1012.041742	942.3023744	755.9684098	835.8733171
Artemorin	C09345	58.8662739	61.26409252	59.58999279	60.74085744	61.50706923	66.64048217	264.7046398	286.2230035	305.8074603	311.6014783	236.6847637	256.6384516	1280.023041	1309.977993	1195.968042	1269.918006	1167.541135	1495.233746
Canin	C09354	68.83949745	74.96068584	77.36421721	64.57463572	79.72888321	73.76876277	46.14621374	49.9880512	55.62970049	49.43512125	48.6075786	46.43567081	28.35610007	4.913247896	23.47825094	10.9822752	3.265051414	295.8091714
Enhydrin	C09405	22.16388367	20.75312081	15.78544157	25.72127137	22.60323487	17.66034823	370.0970004	410.023068	466.2929084	472.9635751	380.3859342	472.9579808	0	0	0	0	0	0
Lactucin	C09489	131.5957844	137.1953335	156.688623	119.2800161	140.8274806	158.0658351	0	0	0	0	4.166554824	0	0	0	0	0	0	7.041666473
Lactupicrin	C09490	945.6428328	903.6539302	942.6401245	930.060798	944.3019862	1004.247104	324.2172212	308.1631462	382.8901944	443.3778593	432.6687932	398.5281948	516.6485899	613.7385386	542.2174261	496.6249963	409.4408027	624.679208
Proazulene	C09499	331.394137	321.8675673	352.356898	322.3103877	355.3127166	326.8201231	45.36821694	55.49541137	125.6977595	135.9186542	138.0103601	138.9417118	13.18678382	5.494164298	9.546208605	17.76560656	4.026788913	16.95407239
Gardenoside	C09779	304.4738902	336.6743894	303.626727	262.7852117	305.5509477	308.7834004	201.0017867	205.2973428	166.7860316	204.9760079	200.0646968	204.0876534	919.7413407	1294.237598	1217.702606	1476.640371	712.3780975	1227.421439
Naringin dihydrochalcone	C09789	239.5688047	212.6876139	235.0864421	211.9553039	238.2191271	280.0465091	3.956285461	11.32379874	58.44927507	51.00345132	56.06022871	44.60655468	0	5.869308891	0	0	0	0
Verbenalin	C09802	153.4283259	151.8858391	153.7293894	147.2377572	166.686052	162.147178	58.64235678	46.82636087	88.94442756	98.32989874	91.40256233	85.53731872	226.1686679	308.4759658	213.1120743	222.2787877	117.4025362	299.5438049
"(S,E)-Zearalenone"	C09981	503.4982498	454.3084049	483.9763697	493.9867317	498.6431931	466.9280668	121.6520529	120.052535	197.9092142	178.1104053	244.8928423	193.1888781	38.33920261	43.23985778	36.58023567	51.62163076	18.24907557	49.74954385
Kanokoside A	C09993	5366.219095	5341.864002	6769.921111	6478.544878	6610.89031	6226.852114	6149.902936	8057.601576	7548.687171	10204.93447	8231.768366	8696.068284	22.4588683	39.74114142	36.70310277	21.74709592	45.68625809	15.32900521
Americine	C09996	295.6834805	295.9350564	310.5992671	284.9321407	285.4526673	312.6412169	23.17460294	29.98288275	20.18543874	22.87815617	26.31823363	19.04449139	562.5797237	630.1339061	648.129611	582.3394011	458.2139771	591.630672
Nummularine A	C10011	96.62011985	148.1183256	117.4855616	111.8604829	106.7382971	117.6381817	0.955161617	0.940359843	0	7.598577981	1.534475505	0	282.4462825	268.6244015	353.9688544	419.9784511	195.5529166	339.8352835
Negletein 6-[rhamnosyl-(1->2)-fucoside]	C10023	389.3002258	379.7607631	375.2349421	346.2347538	296.4225848	388.0399404	75.47325423	93.30311169	139.8095113	43.44777186	258.8412608	132.019152	433.4481458	605.2290246	499.5334688	481.0163769	136.4320816	473.2387305
Myricitrin	C10108	181.6326539	168.9485382	177.7891657	191.0969726	174.3417745	191.286526	1228.039301	1229.480987	1368.190908	1507.426637	1531.767192	1311.119269	0	0	0	0.185587763	0	0
Embelin	C10342	54.49162269	55.58270606	54.88877826	53.55875906	57.58198314	60.25356111	160.4326905	182.6073698	168.8448273	204.3398417	179.6737079	183.1787962	730.5796434	996.8608302	766.5862335	701.8429584	670.2677789	686.1067961
5-O-Methylembelin	C10373	23.41492165	22.8400097	27.51288509	22.92722345	23.79587697	23.04970377	36.49202687	36.32417953	34.83926714	35.70139247	34.02965336	23.05019506	180.5632156	259.4020493	242.1917104	289.137887	1793.787457	148.0655169
Ethyl trans-p-methoxycinnamate	C10476	1126.092594	1078.917031	1082.334501	1014.090861	1139.577755	1126.351061	685.356417	732.0191652	769.7920868	888.7559563	782.4460547	720.7458962	6561.281529	5854.755756	5479.530892	5016.364524	5498.435385	5591.820984
Prenyl cis-caffeate	C10487	106.3589864	117.3468563	98.34210455	77.50170687	94.13635097	98.6909342	66.55361659	65.24845396	71.77506857	59.11763733	88.46488533	81.70429522	78.80799977	106.2119851	146.2310903	98.64260498	58.67765268	97.60443016
Cubebin	C10549	92.86707283	87.96481802	113.4227187	84.71125292	93.66211434	73.87244827	0	0	0	0	0	0	0	0	0	0	0	0
(E)-Casimiroedine	C10577	68.91359984	62.46211423	72.59198984	68.38642136	60.11251064	75.36861403	453.1348084	963.7361219	810.8947176	1063.479275	950.8979424	845.7219695	0	0	0	0	0	0
Graveoline	C10689	24.94170583	19.31281958	39.60482091	23.43775648	19.68159483	32.63149961	524.0644549	542.9805026	868.1338937	758.3270797	781.0563158	819.7891747	0	0	0	0	0	0
Rutacridone epoxide	C10739	50.8058725	61.57472355	69.96963805	68.63450267	63.704542	61.84232771	15.58788144	19.37441306	28.76367112	31.43857306	24.28080156	45.7647537	9.264145733	4.270806419	3.88079324	7.769651809	0	6.8276577
P-Anisaldehyde	C10761	9.265634822	12.44526645	11.61907165	15.53500285	10.02345926	9.073641334	0	0	0	0	0	0	0	0	0	0	0	0
Cannabidiolic acid	C10784	212.0051154	443.2152153	402.0675702	434.9502467	256.6184324	495.8181896	803.840429	563.2973003	879.9500735	972.0018706	831.8260974	1032.073323	730.6876045	773.6138576	800.6064924	581.4297462	912.726885	699.3003572
Peimine	C10830	109.2356729	115.9223961	117.2863706	105.7509479	122.1181253	119.2702792	430.0713926	470.6525036	449.8478969	507.7255481	387.1007266	451.2505829	1670.004593	1695.115892	1749.743033	1726.854252	1694.502039	1379.38039
Sesamol	C10832	507.0168189	495.2547623	596.3193922	576.8938648	551.6178926	546.4347493	369.0785651	416.4476623	426.2302783	403.7775115	534.5227095	437.1322268	194.6710694	163.0493479	160.1786908	148.9023681	157.6030741	168.5556951
Sesartemin	C10884	662.1990493	600.9438594	603.1421731	696.1110333	634.6003526	641.7885366	88.99535749	61.55767186	108.3046539	151.3318468	124.8680858	79.7278279	26.70543432	61.76324059	27.53568349	24.73853932	0.360229971	59.48925849
Mepanipyrim	C10919	81.06016203	88.65228273	86.36143298	89.30119313	87.17127252	90.86447455	0	0	0	0	0	0	0	0	0	0	0	0
Tetradecanedioic acid	C11002	131.2412202	127.639794	138.122847	121.7279519	126.8017841	140.0515076	583.8843814	624.5758244	680.4076347	644.4792756	550.3384861	612.6231014	1635.697425	1749.399629	1746.865449	1765.202767	1840.448631	2025.518007
Molinate	C11086	1062.213835	1311.474358	1085.231127	1236.105584	1446.107153	1233.730868	84.49661191	120.0950757	80.02536084	106.5965116	90.05807852	105.4844548	8.635459523	12.57496691	7.295093476	6.686472398	8.351070799	15.17121962
2-Methoxy-estradiol-17b 3-glucuronide	C11131	69.5077607	79.39472869	93.82583859	87.9135829	90.77776519	80.31059506	0	0	0	0	0	0	14.72429451	0	0	15.53243582	0	0
Geldanamycin	C11222	37.75343291	32.11576531	15.87853994	28.75280558	29.78785448	37.87922259	3.442776787	6.765551403	8.890194695	15.14074141	13.27622341	7.613015979	47.82055587	105.7297031	60.6169467	21.96234803	15.50151518	48.56339667
Dimethyl Phthalate	C11233	1.428196533	0.721264426	0.662539073	2.389650921	0.777942136	1.60423141	0.253610009	1.361637813	0.334131315	0.001403191	0.126424466	0.0383357	3.329562585	0.197728318	0.346633958	1.002431293	2.40240835	1.95142905
Etoposide glucuronide	C11245	1042.124204	1174.186115	1059.441292	1177.654085	874.3565087	992.2138001	1067.920205	963.0131492	1229.214058	1502.700091	1624.704728	1715.482486	0	0	0	0	0	0
Azacitidine	C11262	41.64571812	49.97299361	58.86954558	53.06780715	46.90798204	48.87719089	0.256197741	1.290116638	33.24648386	17.42712593	27.62762982	29.02359753	0	0	0	0	0	0
Tridemorph	C11285	21.67288959	16.22109489	15.39457447	16.836633	17.85507061	16.30786014	157.0805032	145.1516591	70.49426196	106.7809421	77.7621208	89.94440098	222.157707	263.0664208	236.8681246	278.4449867	558.6851671	287.9472274
Virginiamycin m1	C11299	85.95261649	77.83767391	87.17498311	79.95019	66.96300496	62.29800948	0	0	0	0	0	0	0	0	0	0	0	0
Leucyl-leucine	C11332	1250.465042	1339.150631	1209.831394	1191.936252	1221.573359	1319.110425	6452.693332	7284.525394	6145.587682	6814.410126	6380.482939	6878.663532	30597.64899	29908.45393	26970.22822	29139.33848	29343.64995	28968.30889
(S)-Carvone	C11383	0	0.457770238	1.252153496	0.826694801	0.157850639	0	8.025024738	13.44137347	5.306750039	10.83905174	8.851007027	12.21602439	129.9485721	185.7668988	166.8479946	201.1985498	187.8502385	158.3510507
D-(+)-dihydrocarvone	C11398	63.08179123	31.8112808	35.87631121	58.4059206	56.95514586	55.95168886	138.5231448	185.8548567	84.79908295	168.1826548	134.7392126	114.0354247	509.1189906	962.0935799	846.8960793	956.7911725	524.2180833	505.973351
Cis-Dihydrocarvone	C11412	13.61404496	15.48442195	15.35812602	13.94110503	9.674395644	20.46329642	3.307704445	1.865137065	1.406559301	1.079443797	15.75859656	3.295055998	3.424913437	12.34732501	29.77602505	10.07832142	15.77527716	11.51885152
"(1S,4S)-Dihydrocarvone"	C11415	15.5603465	14.42797344	4.941776565	34.39146426	2.263354229	42.77806664	6.918365892	0	48.36222856	12.13122462	13.86873439	51.52809164	31.2709047	0	86.93807816	32.84398451	32.94062002	499.4999642
Mupirocin	C11758	998.2931705	1059.492366	1093.215043	949.8480699	1025.435463	1063.577147	434.6549326	446.4728469	494.3922368	527.2312325	476.2901038	483.6240283	2480.005768	2717.785016	2780.99736	2504.301706	1978.045102	2257.517872
Gibberellin A7	C11867	3.354356639	2.556523676	3.138295581	1.999594396	4.035149735	4.710529507	26.73943801	28.75037052	16.55043588	5.84924969	5.183219035	16.97344872	2084.581013	2266.237442	2707.497358	2230.088475	2067.30393	1982.990983
Gibberellin A8-catabolite	C11870	3042.954816	3257.065121	2698.994804	2408.055278	2753.797161	2706.5923	2974.757957	2692.808024	2981.156122	2998.003623	2821.444059	2843.377852	4810.47654	5562.843415	5150.37047	5164.208211	3288.414217	5095.65661
Validamycin A	C12112	25.44363372	23.4191661	26.78593174	25.72116487	30.99198531	24.02191808	12.46539651	28.93832561	11.99129415	22.4807112	12.40514159	7.198437318	0	0	0	0	0	0
Allylestrenol	C12811	91.19058664	63.2980062	60.97830926	84.20121785	60.91772091	89.45137094	204.9293972	181.2350135	193.5157016	208.1017821	230.5326731	232.8130744	711.3510266	869.9843225	637.5802011	588.6317269	545.3393934	638.9658166
Proscillaridin	C12816	525.3350698	551.1756976	507.8022671	509.5479312	509.2143187	486.0276511	93.20271735	99.0848848	101.0024732	143.123827	146.6241875	121.2185517	106.5885217	162.1262951	181.8234249	193.4387817	41.1088723	126.4294814
Roxithromycin	C13173	825.7589891	820.951462	838.3221253	846.0520888	909.9139677	756.2644967	19.21747545	29.15131354	22.34568047	21.4056536	27.16149567	16.05968303	0	0	2.791527589	0	0	0
Atenolol	C13235	45.42570012	61.4966544	48.08140604	49.99255711	68.72708112	81.75446813	123.3755401	117.9584471	123.2391944	153.3656785	134.825902	101.4271553	187.2919226	138.4450633	126.8931989	135.7998875	74.31033812	139.1811545
Polidocanol	C13493	53.31124451	75.09789084	60.58796759	52.84364828	57.25592729	58.54363099	244.1637944	341.360967	235.8042193	271.1402215	228.0524331	268.1673476	1031.853418	958.4648778	899.7584761	1233.631117	750.0412685	842.6577341
Chromomycin a3	C13569	279.2173359	335.5775713	364.2783956	331.8846485	330.5029413	311.0599888	0	0	0	0	0	0	38.11950414	9.640085816	0	0	34.34527109	31.69213409
Lubiprostone	C13707	203.940377	178.984726	198.6134221	196.9484105	157.8500379	200.3021331	662.1640764	650.4503002	574.8781658	707.7129646	616.2540359	676.0417911	2300.674256	2630.549039	2721.05337	2329.724303	2442.854024	2941.550959
Domoic acid	C13732	131.7336837	125.219782	166.8958086	146.0941192	147.0442147	142.7100308	2.632758522	3.736172981	16.89214529	22.33432662	23.71570951	32.26774086	4.501816244	32.74882337	21.0158389	41.68620268	23.39947552	39.4847916
Octadecanamide	C13846	1785.866869	1647.19475	1386.326147	1931.761992	1655.351989	1538.469266	7638.619047	8175.950313	5743.568996	6726.037301	7483.405999	6733.790545	23313.99401	25188.43538	22138.19561	28627.22351	33073.05939	25400.30815
Undecylenic acid	C13910	55.95156396	44.62016528	45.21571605	70.3367056	58.94082952	51.89102028	174.4462703	159.5349789	81.33027148	163.4658625	189.2983215	112.7716282	522.045183	891.8239579	662.6275468	831.2347571	642.407433	676.3363772
Leucomycin a5	C14058	55.25884711	62.27065263	63.80873463	59.94026124	61.24260214	54.70392068	0	0	0	0	0	0	0	0	0	0	0	0
Leucomycin	C14064	25.95895438	24.46326641	24.90710796	18.98629581	28.48342144	34.43551468	0	0	0	0	0	0	0	0	0	0	0	0
Delta-Tocopherol	C14151	260.3995172	684.8708931	473.9414226	563.0575911	219.4175759	666.2365756	615.779482	557.1128282	1036.147324	971.4514182	840.6374459	1268.340613	618.8473547	664.5029023	436.0162692	284.602485	532.8495815	493.7020606
Methyltrienolone	C14257	239.3787688	226.4538197	227.0214299	159.2428508	234.9569929	210.4431315	22.17383325	38.04817164	42.18407143	38.47617612	62.89808952	31.29263539	78.90787169	142.1567939	116.0487115	45.12881768	41.7392948	68.44708569
Boldenone	C14502	446.4793152	395.9323682	318.8658446	356.7846064	378.6830458	390.0497751	1060.207676	1246.971827	1083.162299	1161.512181	927.4426478	1355.429425	5416.851798	4249.53746	3721.715523	4129.101694	5162.49833	4188.630402
Isophorone	C14743	328.6013648	191.6824972	205.7002827	250.3392742	241.6990432	158.7979935	643.4093734	603.3969151	497.9071133	605.4441799	919.0792978	471.4215955	2272.177226	3094.989217	3023.56045	2728.00383	2304.14757	2754.689133
9(S)-HPODE	C14827	26.13783817	24.42395045	26.8929272	25.01128812	26.39000463	34.48972654	132.985431	110.9868287	106.9165168	116.6856411	103.1426489	103.4395453	393.2344329	441.4111856	415.0033577	403.4468658	453.7678844	361.1348546
"9,10,13-TriHOME"	C14835	381.0164613	393.758034	420.4377025	382.0094039	394.9324164	403.0501986	131.6003589	111.8460974	165.0830807	125.0102203	135.561036	120.789754	472.9073618	579.8409667	653.6917716	571.3195022	569.1154417	418.9758198
LG 100268	C15640	544.5325662	683.4261918	551.8038392	623.0515862	732.8950345	633.0933832	438.4251995	550.2681843	622.7357471	757.609494	780.7666379	730.9338017	0	2.73710976	1.325408844	3.390110057	0.450536084	0.433395718
Nodularin	C15713	304.7363577	316.1996705	298.3965561	274.9979752	293.8156366	295.6713323	0	0	0	0	2.203120581	1.44665289	0	0	0	0	0	0
4-(Glutamylamino) butanoate	C15767	5.52717313	6.88240083	2.650211855	1.245724883	1.664074357	2.736557502	16.71433617	11.93106674	17.72868458	9.48543105	16.59079468	19.34031703	126.5827675	118.701067	116.488107	194.1960415	75.67918179	130.3976181
3-Dehydroteasterone	C15792	361.7681948	369.7613627	409.1950338	361.85392	402.3510533	397.5199674	152.8964309	138.2232252	146.0174326	160.6604339	170.9120673	156.7261485	676.1176241	758.3038025	734.3056663	679.3276922	586.4536581	588.5344088
6alpha-hydroxy-castasterone	C15803	181.4252289	180.3376139	192.0137207	188.3440261	200.4402835	222.6748008	849.0647844	786.183018	760.4854135	783.325262	760.611552	765.0312985	2724.955994	2715.800574	2515.648003	2655.539115	2384.789238	2943.004144
Rimorphin	C16135	51.05506379	60.79808379	55.27334668	43.15362284	55.77534662	54.97505076	0	0	0	0	0	0	0	0	0	0	0	0
Pelargonidin 3-sophoroside	C16305	50.51275326	56.60793422	74.38249691	58.0118709	54.86053725	68.04227007	0	0	6.048219165	3.021797942	9.400783954	10.53465203	7.946946475	0	0	0	0	3.081670558
Traumatic Acid	C16308	371.0470855	401.9518028	415.9095877	347.486231	384.2353759	418.8704752	63.81850551	62.69004711	86.17876025	81.84913548	80.53795438	73.96545148	268.0834993	308.7939009	334.8967366	349.9516581	267.1747216	343.6611804
9-Oxo-nonanoic acid	C16322	26.88145706	26.67864134	23.02342369	24.53367343	25.87284173	22.22459117	0	0	0.491001188	0	0.607206149	0	0.487717196	2.371971879	4.252792093	3.996986505	0	1.35008443
"(3Z,6Z)-3,6-Nonadienal"	C16323	0.896957902	0.83665282	2.003686057	3.446078504	2.931864211	4.455071089	175.7462263	206.77518	215.6865016	232.5934089	168.2408156	182.5343194	589.620352	740.1566	692.2979546	664.5305313	567.8270385	718.4494167
17-Hydroxylinolenic acid	C16346	0	0	0	0	0	0	385.4836176	140.2194457	29.06573168	24.8296583	51.95893235	7.542104843	81.22832524	50.59993295	43.39655753	35.9696473	19025.56878	6.613222145
Isopentenyl adenosine	C16427	56.23297685	30.68673709	44.36069757	41.62612357	58.16830359	28.74509878	228.1775866	253.4940145	152.723557	224.7492329	225.0584634	223.7354223	503.1973091	800.8491385	828.9246425	554.6722486	787.8731115	663.3813078
APC	C16542	130.7205111	113.1452383	132.7458112	123.9545105	130.7589795	123.9995053	15.10916415	9.483835892	18.49697777	18.96261762	43.6801196	17.67091332	0	0	0	0	0	0
2-Hydroxyfelbamate	C16582	197.8322603	167.87537	244.4654761	187.8963214	229.0077274	239.8759774	320.3595547	386.6497005	356.2560226	424.9983373	427.6018931	371.2775197	0	0	0	0	0	0
"5-Phenyl-1,3-oxazinane-2,4-dione"	C16596	8.498538663	8.438131049	11.92041568	7.915768038	13.15601393	11.75945831	17.40674843	17.55003287	15.2511687	22.54798517	22.63576758	19.2869568	117.2603586	101.3399048	99.44586463	90.80603535	21.68820937	77.98003319
3-Hydroxycarbamazepine	C16602	1.170347801	2.343279766	0.824100126	1.116965055	0	0	14.24223368	26.45242725	7.369669292	14.87539563	10.16760815	7.581571101	0	0	0	0	0	0
Isoniazid alpha-ketoglutaric acid	C16625	111.3089519	108.6235603	112.4642475	119.0688869	110.26579	122.4016885	38.90756478	42.55090851	11.58172812	35.61202943	11.61214567	7.501113723	0	0	8.379760577	16.51650769	0	4.164484763
5'-Deoxy-5-fluorocytidine	C16635	48.82777503	45.10527136	50.86731667	47.1174929	44.12208457	43.589891	60.34363536	19.93864584	54.64775581	82.23682043	62.19382045	81.62287508	52.18017263	49.54772141	35.96135664	30.86097227	24.55234392	32.54370638
2-n-Propyl-4-oxopentanoic acid	C16655	73.34122942	67.16076745	85.65501472	90.81589791	69.68620852	62.98120848	37.22236877	35.4304741	43.56889421	48.02794486	54.96888348	54.76882838	59.01912117	33.6221123	29.3420448	41.13735087	24.19446493	108.0018162
9-cis retinol	C16682	94.8654156	57.19807691	105.2345261	136.8119839	93.3736484	60.55190125	226.9174321	289.5146081	179.9782248	406.1738104	272.3039765	232.3679821	469.8746174	962.5000859	2627.322254	2564.236473	1536.010126	1941.311637
Spergualin	C16747	22.36677718	31.07170442	31.93891717	27.65513148	24.15614734	28.77117727	0	0	0	0	0	0	0	0	0	0	0	0
S-Allyl-L-cysteine	C16759	71.46632	73.16200066	65.85613788	69.00013824	72.76929876	66.60832557	0	0	0	1.627750104	0	0	5.722667672	1.946292479	1.893417317	2.959864266	0	1.454424436
Citrinin	C16765	17.57175327	24.67149346	6.635266048	7.753171448	6.834648538	6.6872776	72.87894082	165.309622	130.2828766	99.00716384	135.2693366	110.8368189	25.7683878	11.50752597	26.36919396	9.839508309	34.26358825	16.67247789
1-Deoxynojirimycin	C16843	243.4233928	289.405761	310.2048016	320.8095627	304.5953558	360.1873435	640.1567247	754.5791099	2159.019198	2129.920503	2156.538264	2398.613305	807.067135	649.1716511	635.0388704	706.1743641	745.0255289	676.0827464
Dinophysistoxin 1	C16870	181.9374825	207.7837833	160.9409216	170.7960941	193.4375553	162.2293696	0	0	0	0	0	0	0	0	0	0	0	0
Pectenotoxin 1	C16871	1003.330743	935.9895782	963.6089703	1030.744013	968.8824669	968.4044275	164.713443	203.8064843	175.1890992	215.7331765	208.7127504	178.9267596	0	0	0	0	0	0
Cryptophycin	C16877	1938.374224	1763.111965	1578.63207	1776.897582	1715.960131	1735.002675	0	6.263523796	0	3.193595416	1.807817415	0	1389.888815	1216.533732	856.7865196	923.0872678	921.1489046	1157.523321
Chavicol	C16930	55.17415344	48.28034318	56.95767294	47.09253222	47.61159948	68.02529721	298.8195707	485.0023656	248.5540772	306.280205	247.1095904	350.4225742	1320.045928	1531.097457	1141.32326	905.1372562	1647.562055	1583.923079
Dehydrocurdione	C16949	1.504500192	2.287455857	3.780759088	3.946630588	7.972872946	4.812732389	269.5806249	155.2124218	372.7088835	315.3919987	172.4323203	99.75471664	455.5354335	514.8961628	501.6873837	582.9633871	866.0824091	793.770308
Eucarvone	C16955	34.98833155	28.9841187	25.00368849	30.01531769	29.7924817	28.78426378	97.62539703	97.87362401	97.82640245	110.6316223	97.28950645	105.7924704	382.6710886	358.9432169	413.0255513	416.6042304	370.9377597	402.4551509
Furanodiene	C16959	31.53594668	45.8372304	29.47777401	25.35416379	71.11295786	51.9042777	280.0142929	138.7103394	323.8586382	143.1904766	119.0824291	209.6968051	863.1988072	330.1033537	577.6561702	299.7123963	743.9809325	464.4677959
Germacrone	C16966	96.44219823	109.4962076	108.2836705	99.2759576	99.15978649	115.3416835	62.19553135	71.71951691	66.08576353	83.91584274	80.69879017	49.98867621	93.6526454	90.54186912	96.16450589	58.03045684	52.9438218	233.2281812
Shanzhiside	C17066	554.5848075	542.6799801	569.4777776	592.9730757	505.9733478	616.2899833	531.0732957	486.1998783	436.4172686	447.5702134	499.2704249	462.9343294	142.7504657	169.0325508	161.0439632	146.2522222	81.56830795	150.1820327
2-(6'-methylthio)hexylmalate	C17226	169.2040348	200.0688066	190.7505129	192.8827248	165.9814934	197.1107545	426.0263923	567.243626	544.5137148	626.2382802	606.8826588	565.9380238	72.33529748	55.47678975	77.32821778	90.11356455	57.55957952	57.58194276
"3beta,7alpha-Dihydroxy-5-cholestenoate"	C17335	376.0480488	388.2087113	408.4410081	377.704376	389.443377	393.2050081	309.5430156	330.6585319	321.7151046	328.7834878	347.2962039	301.1687265	3224.127306	3554.374675	3801.519647	3346.097943	2517.489433	2664.356099
Kurarinone	C17446	44.0895327	48.76816727	51.55471824	42.18324957	42.53195513	51.37732889	42.5448651	39.92002606	36.86730401	45.75767632	38.30523768	43.6235205	374.030008	383.036111	345.1859255	331.5315764	291.4441488	369.4742842
Sec-o-Glucosylhamaudol	C17484	886.5426678	981.0821283	904.2848635	855.9064257	897.1899593	956.6900009	273.050759	229.3461435	437.5788695	412.5786245	500.3579865	402.2525314	34.403196	29.5635749	61.59523624	17.8322683	11.81073047	102.377014
Furanogermenone	C17488	18.84452531	19.87770767	23.07018099	16.58694272	22.45856098	19.42829434	0	0	0	0	0	0	0	0	0	0	0	0
(-)-Pinoresinol	C17529	565.2971138	645.5081474	648.2173871	587.967961	613.0252463	658.9876252	117.0884416	116.4831191	87.88075585	148.1743491	101.9849127	82.77375517	339.6813422	171.3965572	115.4399247	119.1741227	60.54123681	224.2923907
Cauloside C	C17547	295.3350093	218.2891988	184.731612	537.157744	251.6041286	224.6098168	0	0	0	0	7.589591977	0	13.40548027	34.04655675	28.33737702	9.945719583	30.27582379	18.50537666
Cinncassiol C2	C17642	246.6662506	274.2427176	265.8731032	237.9129913	265.9626127	279.6020109	156.0397759	205.2529809	194.5274211	278.2744268	240.5867373	241.1539977	1261.755897	1391.224643	1360.047675	1120.898984	761.627617	974.8643621
Isolithocholic acid	C17658	81.22802198	98.63235814	84.76197944	77.0632594	100.885853	88.47170634	0	0	0	0.000141371	0	0	0	0	0	0	0	0
Geneticin	C17703	106.4850149	118.2016887	141.7702782	118.7764122	120.0589727	140.0186443	109.5716167	117.9187828	179.3305001	195.208101	173.7643816	166.1381318	115.2689423	235.8447425	294.6211017	190.693347	34.90762906	165.7842004
Curcumin monoglucoside	C17749	632.8524149	628.1639763	569.9092576	527.6250472	576.6526647	594.5087494	204.4386485	241.7214279	219.9393889	268.9258355	298.365823	331.6236297	40.33747535	135.8182461	213.2844662	55.72790537	65.3147925	165.5369367
Cyclodopa glucoside	C17751	885.2006403	911.6200926	937.5404269	856.6631359	866.8154096	942.3173501	351.6351705	395.947204	294.6017284	293.324991	363.5324457	276.4838835	688.0895091	796.5248436	873.3088761	697.9693404	378.6967984	584.9475251
Dactimicin	C17979	121.9444665	121.0620151	132.7892228	122.0792716	126.7919303	141.0770515	565.4534402	555.5860918	535.0277197	576.8108161	538.0807616	574.6265666	2172.313729	2180.050363	2274.397064	2379.300895	2199.701243	2014.348927
PL	C18210	125.7515348	138.9696967	149.3262283	127.4087997	123.8837827	126.3173766	9.411718877	14.64655727	29.61733245	26.46698135	29.98452896	22.48512246	29.96232876	40.1273133	42.9138201	41.88966354	5.351732568	30.02200267
16-feruloyloxypalmitate	C18217	702.1983029	753.9291859	762.2786249	682.2641027	729.6409188	765.7898835	395.8293566	396.1838463	447.9126989	487.5943139	443.625169	372.6136907	2887.555309	3101.5626	3144.908343	2639.808294	1894.494245	2691.085517
16-Hydroxyhexadecanoic acid	C18218	1007.113025	1229.169598	984.3832896	851.2410279	712.7055882	856.6958189	5978.630765	4450.933907	4752.312526	5750.067484	4899.001399	4704.739993	9280.108198	12080.16176	19467.60242	15522.21959	14622.91953	15016.00289
Calcitroic acid	C18230	11931.3774	12460.79728	13351.76452	11602.88076	11917.1825	12665.65588	42918.66824	40848.47605	39823.56995	41546.62115	38869.0993	38675.20939	133347.6684	137647.933	134243.0969	143942.2083	136910.5301	126129.116
PIPERONYL BUTOXIDE	C18880	1104.777916	732.2934969	614.8722482	1328.295755	874.9924159	662.8306561	259.3269899	204.1332757	248.8723618	267.2627571	256.9182124	256.8887314	425.8125389	568.5611662	426.9091045	220.3410796	101.8346788	396.0213506
Mipafox	C19008	164.3266669	157.8017761	167.6366201	166.1448298	167.1877237	147.3490392	74.71272319	100.3436323	94.80748156	90.84912491	94.43785804	94.94382451	30.59591161	30.09970233	34.50015454	31.81737943	16.09062868	27.21578919
Fusarin C	C19243	37.94879101	48.32980943	44.67229201	41.63122638	38.94337498	44.98855433	37.09452491	43.88014889	75.82238959	77.81401871	112.4251714	89.82898608	0	0	0	0	0	0
Cyclochlorotine	C19379	65.16717793	52.13197217	63.61480354	59.61648125	56.80736211	69.22636516	139.247535	117.3727315	156.6890964	157.1877539	157.3643166	165.3242856	441.3158565	479.3528638	399.4358985	535.3619326	316.519119	486.4070417
5-(3-Pyridyl)-2-hydroxytetrahydrofuran	C19578	104.2233428	100.4576851	78.39477982	97.32907974	85.41242293	92.22009037	57.50439403	68.59670209	64.67487046	64.08866271	63.09221581	63.36714222	247.5605764	233.7653518	236.6724778	272.3115513	218.3756506	242.9678137
22-hydroxydocosanoate	C19623	15.44091962	74.86138317	55.13549074	25.55583369	46.96212844	29.52689604	145.5615115	106.005737	63.89238603	136.2920875	84.77523749	95.6800017	439.9002284	350.3297418	432.1187436	612.5458735	348.4074488	641.0243465
Docosanedioic acid	C19625	34.35455575	34.78261518	37.76231438	37.57573747	36.4908479	38.1024413	191.173022	178.9822428	185.2910156	166.0236459	153.8258066	181.9082125	644.6010055	609.5109243	641.8025061	625.6976659	606.7799051	587.6750054
Oleamide	C19670	1183679.238	1035907.17	1070194.777	1169646.635	1175098.317	1233477.863	3613493.187	3944753.655	3118273.295	4031642.641	3660814.001	3206123.879	12362389.49	15333172.63	13424969.37	13969246.04	15739248.24	12995572.43
Contignasterol	C19902	440.5041282	453.1557429	502.452406	433.8703489	469.2778443	441.0766824	326.2108215	348.3437337	334.2366577	368.4502527	366.0667435	285.5326878	2166.810209	2488.718246	2540.273322	2330.569528	1678.192305	1850.262537
N-Acetyl-a-neuraminic acid	C19909	30.1151711	30.75994444	61.69832336	36.25694104	29.05218494	30.76384056	675.104169	1042.791229	725.2666613	795.9386841	814.6197753	1066.705237	7.985574146	0.229727761	0	0	2.849945466	8.381356948
Cytochalasin B	C19954	2.982592411	3.111065986	2.120367511	5.405483454	3.864920556	2.361827191	0	0	0	0	0	0	0	0	0	0	0	0
Strophanthidin	C19988	354.4454083	384.0231635	354.5925395	343.8394768	336.9645323	344.8271592	117.4791726	120.8780752	132.6167868	126.2906744	119.8710882	106.5434733	916.7592922	984.490916	924.1669757	937.6402105	791.4260202	958.4843096
Taxine B	C19989	20.26012142	20.45831837	27.74515067	19.37901679	24.62146312	24.24193002	72.29235181	90.60013831	97.55696759	78.37411657	54.43625868	106.9043427	349.0599957	257.263024	376.0241565	360.2636416	437.6599817	369.4166935
Aconine	C19990	217.4374302	196.6910954	178.8627422	220.3960725	192.5060705	208.8624523	212.184891	210.718686	220.8291428	267.5475591	244.0634203	219.3223199	935.5479903	805.0612747	863.3549111	774.2340864	578.3146812	682.2820488
Pectenotoxin 2	C20012	167.0328927	167.0517381	133.6943268	183.3510937	149.1801642	166.7565776	0	0	0	0	1.757299037	0	0	0	0	0	0	0
Arenobufagin	C20035	464.3499176	500.7618424	514.3668537	433.6428382	483.0850504	510.1266477	319.9439739	299.0435391	346.7110822	374.0285835	329.5759415	351.8143409	2687.086722	2604.051187	2726.95277	2346.096885	1771.688033	2508.273384
Penitrem A	C20070	42.60394729	52.05378834	62.91052849	66.03056748	67.91544614	48.66396553	32.72740898	38.62902825	50.12033434	50.24605145	92.19016958	99.02350072	0	0	0	0	0	6.068893733
8-Oxoguanine	C20155	31.98225569	31.11968461	31.34517739	31.84413051	38.44937338	28.02934485	70.37427763	101.3350152	182.0730776	154.4135391	227.5356118	214.3692076	31.31940213	33.02346229	37.35844979	33.02978404	20.4738075	27.45861126
Coniferyl acetate	C20225	94.80172283	98.75413251	94.49779333	91.34920314	98.40122079	93.43398144	68.60994385	71.04230442	88.62478774	94.33037068	107.9397881	105.8242544	187.5925843	209.1806804	215.489287	175.9593477	110.784225	89.24672987
(Z)-2-methyl-peroxyaminoacrylate	C20250	48.7467451	46.01235483	58.62348375	57.19063365	47.94695427	52.97719646	3.554837544	10.24258643	43.03032006	22.71948947	42.36911377	36.70354052	0	6.274758954	0	7.193251926	0	0
Ethyl maltol	C20362	1419.968925	1449.372661	1451.800952	1484.357137	2158.589473	1406.229058	1494.104016	2018.893092	2642.900535	1991.389637	2511.572087	2458.093432	1025.548282	735.8702423	784.2532026	841.8551952	632.9616511	860.1863601
3-Methylcrotonylglycine	C20828	222.1465127	188.1042567	172.060934	190.5520826	188.3849469	210.0991433	324.1008994	354.0723793	413.810553	508.81273	323.573877	406.9513674	276.8278346	321.3923604	318.0758192	316.747454	197.3969426	237.7746604
Lovastatin acid	C21130	89.42724741	158.151494	159.4353096	37.48498673	42.17368602	113.9040202	0	0	0	0	0	0	0	0	0	0	0	0
Temsavir	C21558	11.33686948	4.482151073	4.242874065	9.698599273	11.48639989	15.9742041	573.3440188	447.6054378	527.0087432	441.0707129	390.3389114	394.9151811	1501.400299	1403.233404	1524.926024	1419.208083	1402.668716	1669.873243
4-Hydroxynonenal	C21642	8.150725978	9.358172102	6.613572534	12.29600229	17.51303142	10.1725648	37.82860556	51.57875081	19.33259404	42.36827328	39.96157086	42.79356317	110.7315557	241.3918056	168.2241337	297.9461454	168.7228122	137.1846038
Beta-Acetyldigoxin	C22190	92.44625517	102.4929177	113.8729053	91.41195396	93.30113398	100.0505806	0	0	0	0	0	0	0	0	0	0	0	0